6.120701091959874
6.8443568834425
4.729021711556987
3.8567864809607766
3.9840425186526054
5.718283647891086
4.280001337281275
5.429533056569696
9.312852459045347
7.908656462061696
7.849492962719505
2.77560614213933
4.504356974957919
3.6161269350105143
5.197478721219587
6.023255490329919
4.492502048825705
5.305999735487722
2.8757020313441504
3.4386786168413943
5.57571537064916
5.291232934803911
7.239595705726806
6.552231959638776
4.129894799634834
3.7522523738187523
3.833128656797215
2.7489693021901696
5.757042187839458
4.15750767833351
9.007730846125966
4.151302478792262
5.093977131084026
4.633243071531325
5.766618082433695
5.609678761707202
6.186408381960947
4.743003251212832
4.32136287707558
4.3219883156036785
3.7884153020082003
5.214886576546573
13.206499807629415
3.5012971855924797
5.073085434605948
4.409957428703009
5.169521583553131
11.329737867329062
4.059058475782929
4.457761630084008
3.6838435417464868
3.7648391628646967
5.228349292886373
2.8653433080179744
6.288311889691306
5.322959530882753
8.764950927679509
4.0980727713189316
4.622214959715852
4.56483448911301
6.6295806041695355
3.0198880027757298
3.9732430154712506
3.3695537938966145
8.136848044288287
4.258144570827475
4.618989324273648
5.576107142429784
2.255269089479315
7.9885530871516055
4.729950094670637
2.768471855956837
4.6376791588338575
8.714506889694631
5.666539198192393
7.1607410383282915
3.415210860684617
10.675704261970228
4.016303877158107
7.91553471764648
3.2434078105488693
6.647805376606824
4.065214744697544
5.692535106130679
6.07077937816877
6.143096998057771
4.148585993536309
3.085206022183569
4.987585788732027
10.751738047585805
3.933926379405458
8.684484726752954
5.273293117785749
4.760771829194876
11.55838006126793
5.361190736420379
2.502535367065115
3.614269808824933
5.6572241288347325
3.42959550755939
3.7503207841537236
5.295048133384555
4.502988093502343
2.7049724856343063
3.696764706973469
3.6575810970923084
2.940909879387296
4.870241694347322
4.312628268114028
4.632688165573244
5.844161830342502
3.2076496705838977
2.3237613915768094
5.1467908740669
5.664763485833244
3.655981241100278
4.277673987874738
9.573663113444718
8.163455669271674
3.2677054462960347
4.882829072394154
4.547102579377171
4.608089145379451
6.769730103425969
4.499876101421892
5.013135341563843
5.241236910794431
4.929524197493043
6.67075017722411
3.865818900089556
3.3270655164852587
6.29699609395337
7.01778808757169
5.6456684791162095
4.706461456367942
3.2212252653109794
3.3360718237429197
4.5758064059349906
2.2763520049660837
5.83357257240505
3.685362195172497
2.3359678640725736
4.341172078763047
3.1042724061182394
3.170654100704818
5.659175879557587
2.9532707457644483
3.923796121378463
3.9584282942099716
4.524080561191193
2.6671933192089456
5.255189341128701
4.875921497125617
6.159525374953676
3.884552034843425
7.94847028930687
5.285597420137496
4.302733951555173
2.712575906151563
3.4278393018244144
4.6942171221024385
3.7150319451407
4.847263541018514
5.814250888608116
4.463060699297173
3.2774252206000334
4.361523292110116
6.9972287342442385
3.9351714783511675
9.945836987511347
5.005598103989852
5.233947735189986
3.1663590768995302
3.5578856478900787
3.360897463087492
5.152060445269546
6.1866704323979365
2.2318583040305815
9.292450828760302
7.4257682183525295
4.5074027526725935
5.165582692242995
4.305234488561252
3.261020513595368
3.966039238875708
4.585440042564573
5.576175905660444
5.113859189907838
4.333927372509307
6.810915725232661
12.395054689271184
8.015778813353492
5.476287083679648
4.468652908259589
8.47220174228897
9.303042254329156
6.319085294576325
5.0091495216759485
5.891818017813459
4.596904098142309