8.665281780922333
7.453751412194357
1.4748394983322277
6.026767004777907
5.38789965113843
6.54210756131214
7.322192068979667
5.5359802485896346
3.71859814355682
3.6368883545793884
2.5845370250638573
6.026627824188415
3.6021412566630135
7.118286865867354
4.7029837657974785
1.8757866355670134
4.720256540826793
8.376769599126359
6.193515923942956
7.305421014467703
4.148661675330731
5.384102659419111
5.651251508230036
5.581855594333675
4.0046531957388725
5.748309848106218
4.40825620131316
6.659152684475899
6.2399990944641
5.9210453649981005
8.640249310379646
3.870201295698755
6.159914977380042
6.881813985878246
4.249952375209556
6.0312770404233955
6.788440132703297
2.5712731904379567
4.941390072747746
4.127192436310068
5.588996084548822
8.138314686801202
4.470739964021175
4.379723306873163
2.8241004374856455
1.7497220309980044
5.68626876036863
2.955691346375481
4.103392527139525
3.3803767181533737
5.785153093690305
5.9021557569300755
6.364048157566552
8.572593794359522
7.616045104235664
4.231424209006407
3.5581300235116973
2.8991336033631763
6.885068932548169
2.801794376028174
7.46979414890947
5.30885315886824
5.964334502069057
4.586893826932468
5.921412171739964
7.197591084392117
3.52100145389546
4.872037426102141
7.079430636741307
5.382315235925288
7.62874843446328
2.6532655229372377
3.9880908029576174
7.066969255862662
2.8593686814170667
5.230134681578784
9.714618887330946
3.3154306977782784
5.5087984569072805
3.7572680105661496
6.64611144479769
8.589693350559356
8.096321966232951
4.2698758964672
1.2379478768860848
2.901577965266002
5.341066366158709
0.8359098122696738
2.738114766504573
4.774262659012675
2.3538710849126723
4.583358450919262
5.641662227778669
0.594993485531897
1.529434654599422
4.289962717366939
6.917351785762854
0.7218261915458397
2.583644131389975
9.8616762850473
6.238298776014636
3.5786654824533537
8.650293584535152
2.154849337511612
5.0783638502605255
2.403501205289935
2.4109011085561622
4.004549168823832
4.177999886564047
2.9173243350873213
4.322837505943825
7.493215400916408
6.234735119291127
4.742028731226083
7.434714555609555
5.091843204022792
5.25612831708808
1.6421117930523277
5.220517211365356
3.78463407013406
4.488482666163347
8.655059789194587
5.382235905264922
5.048342445160252
5.492711611511567
5.855592349173024
8.537648108632506
6.1605153878984265
9.222593888114194
7.256031520861381
4.236588963479214
3.532190599357131
2.5333730365760525
5.784540197974841
5.360871088671755
5.2812228234510545
2.65425108618657
4.93759620168289
5.030940660828483
5.01757639560773
3.2212788858782484
5.444452339889551
2.031259648656763
4.275241939610455
5.223765475676252
2.0531818036028304
4.087970563082588
5.681397300953554
3.9459624730591227
7.682957374346126
2.9065140518549573
3.870866479953773
4.7434257824987505
3.197759092528707
6.098165022192396
5.148426494060515
6.08962993553032
3.9553597850425897
2.889981206015201
4.350830733743085
5.75860204967756
7.898624137090996
5.26834214869748
3.922883465943797
6.240026006808408
4.956807263553613
5.461134339590331
6.290976170685225
9.498901402222536
5.308005415335228
2.18709425535903
7.2458854489432625
6.436825520754105
4.257545519150869
3.7711443725851046
4.435179656875143
3.9710259289192393
7.400629587927913
2.1740661484636417
3.3944284073083013
6.613212920083232
6.386086404220199
1.2046247620330606
8.717369908488724
9.006784436242384
7.7011681184957474
4.375564441454207
7.676044933351896
7.886891590290503
4.9425012645815025
3.5074268597263343
3.9198086161871246
4.207328052154661
3.7396640018702576
6.435216912775095
4.819535264753075
5.991281846157905
0.39008379281578964
4.910158436582382
4.2781428663158